image_width: 640
image_height: 480
camera_name: narrow_stereo
camera_matrix:
  rows: 3
  cols: 3
  data: [495.946151, 0, 418.759502, 0, 492.668432, 249.699788, 0, 0, 1]
distortion_model: plumb_bob
distortion_coefficients:
  rows: 1
  cols: 5
  data: [-0.156966, 0.025999, 0.000378, 0.032639, 0]
rectification_matrix:
  rows: 3
  cols: 3
  data: [1, 0, 0, 0, 1, 0, 0, 0, 1]
projection_matrix:
  rows: 3
  cols: 4
  data: [396.665744, 0, 465.209926, 0, 0, 468.17525, 250.705665, 0, 0, 0, 1, 0]